l	m	n	kenc	ke	menc	me	vprlfnc	vprlf
   1	  15	   3	 1.385075E-01	-1.887064E-03	 5.870375E-03	 7.070130E-03	 6.249071E-05	 6.465437E-05
   2	  14	   3	 1.000000E+00	 8.231580E-01	 1.402492E-03	 9.518934E-04	 2.779797E-05	 2.283409E-05
   3	  13	   3	 1.247414E-01	 2.554633E-02	 7.051000E-03	 7.470497E-03	 9.477540E-05	 9.133172E-05
   4	  12	   3	 4.742543E-03	-1.285024E-02	 1.452619E-03	 1.326749E-03	 3.711869E-04	 3.699020E-04
   5	  11	   3	 6.492695E-04	-3.556719E-03	 1.089375E-02	 1.202822E-02	 5.194079E-04	 5.166473E-04
   6	  10	   3	 1.574453E-02	 1.482400E-02	 6.658051E-03	 6.269450E-03	 3.058589E-05	 3.056816E-05
   7	   9	   3	 2.332158E-04	 3.714718E-05	 1.013329E-02	 1.148762E-02	 5.145816E-04	 5.169729E-04
   8	   8	   3	 4.563208E-06	-8.501792E-05	 6.745645E-04	 2.920315E-04	 3.561002E-04	 3.599160E-04
   9	   7	   3	 1.310414E-06	-1.402526E-05	 4.658004E-04	 2.691387E-05	 3.506232E-05	 3.578699E-05
  10	   6	   3	 8.556264E-08	-1.785130E-07	 5.005662E-05	 2.552390E-06	 4.261717E-06	 3.348599E-06
